Parsing dev
decision S feat [0, 1, 2, 3, 4, 5, 6, 7, 8, 9, 10, 11, 12, 13, 14, 15, 16, 17, 18, 19, 20, 21, 22]
denominator 103615.0
numerator 103615.0 feat [0, 1, 2, 3, 4, 5, 6, 7, 8, 9, 10, 11, 12, 13, 14, 15, 16, 17, 18, 19, 20, 21, 22]
[1.0, 0.0, 0.0] S 


[-1] [0, 1, 2, 3, 4, 5, 6, 7, 8, 9, 10, 11, 12, 13, 14, 15, 16, 17, 18, 19, 20, 21, 22, 23, 24, 25, 26, 27, 28, 29, 30, 31, 32, 33, 34, 35, 36, 37, 38, 39, 40, 41, 42, 43, 44, 45, 46, 47, 48, 49] {}



decision S feat [112, 113, 190, 191, 193]
decision L feat [126, 127, 196, 197, 199]
decision R feat [140, 141, 202, 203, 205]
denominator 5552.0
numerator 2428.0 feat [140, 141, 202, 203, 205]
[1.0, 0.0, 0.0] S 


[-1, 0] [1, 2, 3, 4, 5, 6, 7, 8, 9, 10, 11, 12, 13, 14, 15, 16, 17, 18, 19, 20, 21, 22, 23, 24, 25, 26, 27, 28, 29, 30, 31, 32, 33, 34, 35, 36, 37, 38, 39, 40, 41, 42, 43, 44, 45, 46, 47, 48, 49] {}


decision S feat [208, 209]
decision L feat [222, 223]
decision R feat [236, 237]
denominator 842.0
numerator 220.0 feat [236, 237]
[1.0, 1.1174281901343568e-159, 7.3931966180553066e-271] S 


[-1, 0, 1] [2, 3, 4, 5, 6, 7, 8, 9, 10, 11, 12, 13, 14, 15, 16, 17, 18, 19, 20, 21, 22, 23, 24, 25, 26, 27, 28, 29, 30, 31, 32, 33, 34, 35, 36, 37, 38, 39, 40, 41, 42, 43, 44, 45, 46, 47, 48, 49] {}



decision S feat [7, 8, 262, 212]
decision L feat [30, 31, 268, 226]
decision R feat [53, 54, 274, 240]
denominator 6520.0
numerator 1615.0 feat [53, 54, 274, 240]
[1.0, 0.0, 0.0] S [-1, 0, 1, 2] [3, 4, 5, 6, 7, 8, 9, 10, 11, 12, 13, 14, 15, 16, 17, 18, 19, 20, 21, 22, 23, 24, 25, 26, 27, 28, 29, 30, 31, 32, 33, 34, 35, 36, 37, 38, 39, 40, 41, 42, 43, 44, 45, 46, 47, 48, 49] {}
decision S feat [9, 10, 11]
decision L feat [32, 33, 34]
decision R feat [55, 56, 57]
denominator 8849.0
numerator 2212.0 feat [55, 56, 57]
[1.0, 0.0, 0.0] S [-1, 0, 1, 2, 3] [4, 5, 6, 7, 8, 9, 10, 11, 12, 13, 14, 15, 16, 17, 18, 19, 20, 21, 22, 23, 24, 25, 26, 27, 28, 29, 30, 31, 32, 33, 34, 35, 36, 37, 38, 39, 40, 41, 42, 43, 44, 45, 46, 47, 48, 49] {}
decision S feat [112, 113, 261, 262, 263, 265]
decision L feat [126, 127, 267, 268, 269, 271]
decision R feat [140, 141, 273, 274, 275, 277]
denominator 5308.0
numerator 2130.0 feat [140, 141, 273, 274, 275, 277]
[1.0, 0.0, 0.0] S [-1, 0, 1, 2, 3, 4] [5, 6, 7, 8, 9, 10, 11, 12, 13, 14, 15, 16, 17, 18, 19, 20, 21, 22, 23, 24, 25, 26, 27, 28, 29, 30, 31, 32, 33, 34, 35, 36, 37, 38, 39, 40, 41, 42, 43, 44, 45, 46, 47, 48, 49] {}
decision S feat [190, 191]
decision L feat [196, 197]
decision R feat [202, 203]
denominator 778.0
numerator 292.0 feat [202, 203]
[1.0, 2.1871378321977182e-148, 8.5680461096063617e-212] S [-1, 0, 1, 2, 3, 4, 5] [6, 7, 8, 9, 10, 11, 12, 13, 14, 15, 16, 17, 18, 19, 20, 21, 22, 23, 24, 25, 26, 27, 28, 29, 30, 31, 32, 33, 34, 35, 36, 37, 38, 39, 40, 41, 42, 43, 44, 45, 46, 47, 48, 49] {}
decision S feat [208, 209, 262, 212]
decision L feat [222, 223, 268, 226]
decision R feat [236, 237, 274, 240]
denominator 1500.0
numerator 365.0 feat [236, 237, 274, 240]
[1.0, 5.9907692689168646e-267, 0.0] S [-1, 0, 1, 2, 3, 4, 5, 6] [7, 8, 9, 10, 11, 12, 13, 14, 15, 16, 17, 18, 19, 20, 21, 22, 23, 24, 25, 26, 27, 28, 29, 30, 31, 32, 33, 34, 35, 36, 37, 38, 39, 40, 41, 42, 43, 44, 45, 46, 47, 48, 49] {}
decision S feat [73]
decision L feat [87]
decision R feat [101]
denominator 1353.0
numerator 472.0 feat [101]
[1.0, 3.8040340251929619e-130, 0.0] S [-1, 0, 1, 2, 3, 4, 5, 6, 7] [8, 9, 10, 11, 12, 13, 14, 15, 16, 17, 18, 19, 20, 21, 22, 23, 24, 25, 26, 27, 28, 29, 30, 31, 32, 33, 34, 35, 36, 37, 38, 39, 40, 41, 42, 43, 44, 45, 46, 47, 48, 49] {}
decision S feat []
decision L feat []
decision R feat []
denominator 1.09861228867
numerator 0.0 feat []
[0.33333333333333337, 0.33333333333333337, 0.33333333333333337] S [-1, 0, 1, 2, 3, 4, 5, 6, 7, 8] [9, 10, 11, 12, 13, 14, 15, 16, 17, 18, 19, 20, 21, 22, 23, 24, 25, 26, 27, 28, 29, 30, 31, 32, 33, 34, 35, 36, 37, 38, 39, 40, 41, 42, 43, 44, 45, 46, 47, 48, 49] {}
decision S feat [154, 262]
decision L feat [166, 268]
decision R feat [178, 274]
denominator 293.0
numerator 42.0 feat [178, 274]
[1.0, 2.4426007377405277e-36, 9.8194020487360646e-110] S [-1, 0, 1, 2, 3, 4, 5, 6, 7, 8, 9] [10, 11, 12, 13, 14, 15, 16, 17, 18, 19, 20, 21, 22, 23, 24, 25, 26, 27, 28, 29, 30, 31, 32, 33, 34, 35, 36, 37, 38, 39, 40, 41, 42, 43, 44, 45, 46, 47, 48, 49] {}
decision S feat [9, 10, 11]
decision L feat [32, 33, 34]
decision R feat [55, 56, 57]
denominator 8849.0
numerator 2212.0 feat [55, 56, 57]
[1.0, 0.0, 0.0] S [-1, 0, 1, 2, 3, 4, 5, 6, 7, 8, 9, 10] [11, 12, 13, 14, 15, 16, 17, 18, 19, 20, 21, 22, 23, 24, 25, 26, 27, 28, 29, 30, 31, 32, 33, 34, 35, 36, 37, 38, 39, 40, 41, 42, 43, 44, 45, 46, 47, 48, 49] {}
decision S feat [112, 113, 190, 254, 193]
decision L feat [126, 127, 196, 257, 199]
decision R feat [140, 141, 202, 260, 205]
denominator 5238.0
numerator 2282.0 feat [140, 141, 202, 260, 205]
[1.0, 0.0, 0.0] S [-1, 0, 1, 2, 3, 4, 5, 6, 7, 8, 9, 10, 11] [12, 13, 14, 15, 16, 17, 18, 19, 20, 21, 22, 23, 24, 25, 26, 27, 28, 29, 30, 31, 32, 33, 34, 35, 36, 37, 38, 39, 40, 41, 42, 43, 44, 45, 46, 47, 48, 49] {}
decision S feat [208]
decision L feat [222]
decision R feat [236]
denominator 421.0
numerator 110.0 feat [236]
[1.0, 3.3427955219162848e-80, 8.5983699723001605e-136] S [-1, 0, 1, 2, 3, 4, 5, 6, 7, 8, 9, 10, 11, 12] [13, 14, 15, 16, 17, 18, 19, 20, 21, 22, 23, 24, 25, 26, 27, 28, 29, 30, 31, 32, 33, 34, 35, 36, 37, 38, 39, 40, 41, 42, 43, 44, 45, 46, 47, 48, 49] {}
decision S feat [7, 262, 212]
decision L feat [30, 268, 226]
decision R feat [53, 274, 240]
denominator 3589.0
numerator 880.0 feat [53, 274, 240]
[1.0, 0.0, 0.0] S [-1, 0, 1, 2, 3, 4, 5, 6, 7, 8, 9, 10, 11, 12, 13] [14, 15, 16, 17, 18, 19, 20, 21, 22, 23, 24, 25, 26, 27, 28, 29, 30, 31, 32, 33, 34, 35, 36, 37, 38, 39, 40, 41, 42, 43, 44, 45, 46, 47, 48, 49] {}
decision S feat [9, 10, 11]
decision L feat [32, 33, 34]
decision R feat [55, 56, 57]
denominator 8849.0
numerator 2212.0 feat [55, 56, 57]
[1.0, 0.0, 0.0] S [-1, 0, 1, 2, 3, 4, 5, 6, 7, 8, 9, 10, 11, 12, 13, 14] [15, 16, 17, 18, 19, 20, 21, 22, 23, 24, 25, 26, 27, 28, 29, 30, 31, 32, 33, 34, 35, 36, 37, 38, 39, 40, 41, 42, 43, 44, 45, 46, 47, 48, 49] {}
decision S feat [112, 113, 190, 254, 193]
decision L feat [126, 127, 196, 257, 199]
decision R feat [140, 141, 202, 260, 205]
denominator 5238.0
numerator 2282.0 feat [140, 141, 202, 260, 205]
[1.0, 0.0, 0.0] S [-1, 0, 1, 2, 3, 4, 5, 6, 7, 8, 9, 10, 11, 12, 13, 14, 15] [16, 17, 18, 19, 20, 21, 22, 23, 24, 25, 26, 27, 28, 29, 30, 31, 32, 33, 34, 35, 36, 37, 38, 39, 40, 41, 42, 43, 44, 45, 46, 47, 48, 49] {}
decision S feat [208, 211, 216]
decision L feat [222, 225, 230]
decision R feat [236, 239, 244]
denominator 1263.0
numerator 330.0 feat [236, 239, 244]
[1.0, 3.7353339500441469e-239, 0.0] S [-1, 0, 1, 2, 3, 4, 5, 6, 7, 8, 9, 10, 11, 12, 13, 14, 15, 16] [17, 18, 19, 20, 21, 22, 23, 24, 25, 26, 27, 28, 29, 30, 31, 32, 33, 34, 35, 36, 37, 38, 39, 40, 41, 42, 43, 44, 45, 46, 47, 48, 49] {}
decision S feat [262]
decision L feat [268]
decision R feat [274]
denominator 237.0
numerator 35.0 feat [274]
[1.0, 1.6038108905486379e-28, 1.8729002841608093e-88] S [-1, 0, 1, 2, 3, 4, 5, 6, 7, 8, 9, 10, 11, 12, 13, 14, 15, 16, 17] [18, 19, 20, 21, 22, 23, 24, 25, 26, 27, 28, 29, 30, 31, 32, 33, 34, 35, 36, 37, 38, 39, 40, 41, 42, 43, 44, 45, 46, 47, 48, 49] {}
decision S feat [73, 74]
decision L feat [87, 88]
decision R feat [101, 102]
denominator 2706.0
numerator 944.0 feat [101, 102]
[1.0, 1.4470674864825768e-259, 0.0] S [-1, 0, 1, 2, 3, 4, 5, 6, 7, 8, 9, 10, 11, 12, 13, 14, 15, 16, 17, 18] [19, 20, 21, 22, 23, 24, 25, 26, 27, 28, 29, 30, 31, 32, 33, 34, 35, 36, 37, 38, 39, 40, 41, 42, 43, 44, 45, 46, 47, 48, 49] {}
decision S feat []
decision L feat []
decision R feat []
denominator 1.09861228867
numerator 0.0 feat []
[0.33333333333333337, 0.33333333333333337, 0.33333333333333337] S [-1, 0, 1, 2, 3, 4, 5, 6, 7, 8, 9, 10, 11, 12, 13, 14, 15, 16, 17, 18, 19] [20, 21, 22, 23, 24, 25, 26, 27, 28, 29, 30, 31, 32, 33, 34, 35, 36, 37, 38, 39, 40, 41, 42, 43, 44, 45, 46, 47, 48, 49] {}
decision S feat [7, 190, 254]
decision L feat [30, 196, 257]
decision R feat [53, 202, 260]
denominator 3395.0
numerator 881.0 feat [53, 202, 260]
[1.0, 0.0, 0.0] S [-1, 0, 1, 2, 3, 4, 5, 6, 7, 8, 9, 10, 11, 12, 13, 14, 15, 16, 17, 18, 19, 20] [21, 22, 23, 24, 25, 26, 27, 28, 29, 30, 31, 32, 33, 34, 35, 36, 37, 38, 39, 40, 41, 42, 43, 44, 45, 46, 47, 48, 49] {}
decision S feat [208]
decision L feat [222]
decision R feat [236]
denominator 421.0
numerator 110.0 feat [236]
[1.0, 3.3427955219162848e-80, 8.5983699723001605e-136] S [-1, 0, 1, 2, 3, 4, 5, 6, 7, 8, 9, 10, 11, 12, 13, 14, 15, 16, 17, 18, 19, 20, 21] [22, 23, 24, 25, 26, 27, 28, 29, 30, 31, 32, 33, 34, 35, 36, 37, 38, 39, 40, 41, 42, 43, 44, 45, 46, 47, 48, 49] {}
decision S feat [262]
decision L feat [268]
decision R feat [274]
denominator 237.0
numerator 35.0 feat [274]
[1.0, 1.6038108905486379e-28, 1.8729002841608093e-88] S [-1, 0, 1, 2, 3, 4, 5, 6, 7, 8, 9, 10, 11, 12, 13, 14, 15, 16, 17, 18, 19, 20, 21, 22] [23, 24, 25, 26, 27, 28, 29, 30, 31, 32, 33, 34, 35, 36, 37, 38, 39, 40, 41, 42, 43, 44, 45, 46, 47, 48, 49] {}
decision S feat []
decision L feat []
decision R feat []
denominator 1.09861228867
numerator 0.0 feat []
[0.33333333333333337, 0.33333333333333337, 0.33333333333333337] S [-1, 0, 1, 2, 3, 4, 5, 6, 7, 8, 9, 10, 11, 12, 13, 14, 15, 16, 17, 18, 19, 20, 21, 22, 23] [24, 25, 26, 27, 28, 29, 30, 31, 32, 33, 34, 35, 36, 37, 38, 39, 40, 41, 42, 43, 44, 45, 46, 47, 48, 49] {}
decision S feat [70, 71]
decision L feat [84, 85]
decision R feat [98, 99]
denominator 2706.0
numerator 944.0 feat [98, 99]
[1.0, 1.4470674864825768e-259, 0.0] S [-1, 0, 1, 2, 3, 4, 5, 6, 7, 8, 9, 10, 11, 12, 13, 14, 15, 16, 17, 18, 19, 20, 21, 22, 23, 24] [25, 26, 27, 28, 29, 30, 31, 32, 33, 34, 35, 36, 37, 38, 39, 40, 41, 42, 43, 44, 45, 46, 47, 48, 49] {}
decision S feat [190, 191]
decision L feat [196, 197]
decision R feat [202, 203]
denominator 778.0
numerator 292.0 feat [202, 203]
[1.0, 2.1871378321977182e-148, 8.5680461096063617e-212] S [-1, 0, 1, 2, 3, 4, 5, 6, 7, 8, 9, 10, 11, 12, 13, 14, 15, 16, 17, 18, 19, 20, 21, 22, 23, 24, 25] [26, 27, 28, 29, 30, 31, 32, 33, 34, 35, 36, 37, 38, 39, 40, 41, 42, 43, 44, 45, 46, 47, 48, 49] {}
decision S feat [208, 209]
decision L feat [222, 223]
decision R feat [236, 237]
denominator 842.0
numerator 220.0 feat [236, 237]
[1.0, 1.1174281901343568e-159, 7.3931966180553066e-271] S [-1, 0, 1, 2, 3, 4, 5, 6, 7, 8, 9, 10, 11, 12, 13, 14, 15, 16, 17, 18, 19, 20, 21, 22, 23, 24, 25, 26] [27, 28, 29, 30, 31, 32, 33, 34, 35, 36, 37, 38, 39, 40, 41, 42, 43, 44, 45, 46, 47, 48, 49] {}
decision S feat [72, 73, 74]
decision L feat [86, 87, 88]
decision R feat [100, 101, 102]
denominator 4059.0
numerator 1416.0 feat [100, 101, 102]
[1.0, 0.0, 0.0] S [-1, 0, 1, 2, 3, 4, 5, 6, 7, 8, 9, 10, 11, 12, 13, 14, 15, 16, 17, 18, 19, 20, 21, 22, 23, 24, 25, 26, 27] [28, 29, 30, 31, 32, 33, 34, 35, 36, 37, 38, 39, 40, 41, 42, 43, 44, 45, 46, 47, 48, 49] {}
decision S feat [190, 254]
decision L feat [196, 257]
decision R feat [202, 260]
denominator 464.0
numerator 146.0 feat [202, 260]
[1.0, 3.4303365279297016e-90, 7.8406985109060015e-139] S [-1, 0, 1, 2, 3, 4, 5, 6, 7, 8, 9, 10, 11, 12, 13, 14, 15, 16, 17, 18, 19, 20, 21, 22, 23, 24, 25, 26, 27, 28] [29, 30, 31, 32, 33, 34, 35, 36, 37, 38, 39, 40, 41, 42, 43, 44, 45, 46, 47, 48, 49] {}
decision S feat [208, 190, 254]
decision L feat [222, 196, 257]
decision R feat [236, 202, 260]
denominator 885.0
numerator 256.0 feat [236, 202, 260]
[1.0, 1.1466913584229263e-169, 6.7417226638032749e-274] S [-1, 0, 1, 2, 3, 4, 5, 6, 7, 8, 9, 10, 11, 12, 13, 14, 15, 16, 17, 18, 19, 20, 21, 22, 23, 24, 25, 26, 27, 28, 29] [30, 31, 32, 33, 34, 35, 36, 37, 38, 39, 40, 41, 42, 43, 44, 45, 46, 47, 48, 49] {}
decision S feat [208]
decision L feat [222]
decision R feat [236]
denominator 421.0
numerator 110.0 feat [236]
[1.0, 3.3427955219162848e-80, 8.5983699723001605e-136] S [-1, 0, 1, 2, 3, 4, 5, 6, 7, 8, 9, 10, 11, 12, 13, 14, 15, 16, 17, 18, 19, 20, 21, 22, 23, 24, 25, 26, 27, 28, 29, 30] [31, 32, 33, 34, 35, 36, 37, 38, 39, 40, 41, 42, 43, 44, 45, 46, 47, 48, 49] {}
decision S feat [190, 254]
decision L feat [196, 257]
decision R feat [202, 260]
denominator 464.0
numerator 146.0 feat [202, 260]
[1.0, 3.4303365279297016e-90, 7.8406985109060015e-139] S [-1, 0, 1, 2, 3, 4, 5, 6, 7, 8, 9, 10, 11, 12, 13, 14, 15, 16, 17, 18, 19, 20, 21, 22, 23, 24, 25, 26, 27, 28, 29, 30, 31] [32, 33, 34, 35, 36, 37, 38, 39, 40, 41, 42, 43, 44, 45, 46, 47, 48, 49] {}
decision S feat [208]
decision L feat [222]
decision R feat [236]
denominator 421.0
numerator 110.0 feat [236]
[1.0, 3.3427955219162848e-80, 8.5983699723001605e-136] S [-1, 0, 1, 2, 3, 4, 5, 6, 7, 8, 9, 10, 11, 12, 13, 14, 15, 16, 17, 18, 19, 20, 21, 22, 23, 24, 25, 26, 27, 28, 29, 30, 31, 32] [33, 34, 35, 36, 37, 38, 39, 40, 41, 42, 43, 44, 45, 46, 47, 48, 49] {}
decision S feat [190, 254]
decision L feat [196, 257]
decision R feat [202, 260]
denominator 464.0
numerator 146.0 feat [202, 260]
[1.0, 3.4303365279297016e-90, 7.8406985109060015e-139] S [-1, 0, 1, 2, 3, 4, 5, 6, 7, 8, 9, 10, 11, 12, 13, 14, 15, 16, 17, 18, 19, 20, 21, 22, 23, 24, 25, 26, 27, 28, 29, 30, 31, 32, 33] [34, 35, 36, 37, 38, 39, 40, 41, 42, 43, 44, 45, 46, 47, 48, 49] {}
decision S feat [208, 73, 74]
decision L feat [222, 87, 88]
decision R feat [236, 101, 102]
denominator 3127.0
numerator 1054.0 feat [236, 101, 102]
[1.0, 0.0, 0.0] S [-1, 0, 1, 2, 3, 4, 5, 6, 7, 8, 9, 10, 11, 12, 13, 14, 15, 16, 17, 18, 19, 20, 21, 22, 23, 24, 25, 26, 27, 28, 29, 30, 31, 32, 33, 34] [35, 36, 37, 38, 39, 40, 41, 42, 43, 44, 45, 46, 47, 48, 49] {}
decision S feat []
decision L feat []
decision R feat []
denominator 1.09861228867
numerator 0.0 feat []
[0.33333333333333337, 0.33333333333333337, 0.33333333333333337] S [-1, 0, 1, 2, 3, 4, 5, 6, 7, 8, 9, 10, 11, 12, 13, 14, 15, 16, 17, 18, 19, 20, 21, 22, 23, 24, 25, 26, 27, 28, 29, 30, 31, 32, 33, 34, 35] [36, 37, 38, 39, 40, 41, 42, 43, 44, 45, 46, 47, 48, 49] {}
decision S feat [70, 73, 74, 78]
decision L feat [84, 87, 88, 92]
decision R feat [98, 101, 102, 106]
denominator 5412.0
numerator 1888.0 feat [98, 101, 102, 106]
[1.0, 0.0, 0.0] S [-1, 0, 1, 2, 3, 4, 5, 6, 7, 8, 9, 10, 11, 12, 13, 14, 15, 16, 17, 18, 19, 20, 21, 22, 23, 24, 25, 26, 27, 28, 29, 30, 31, 32, 33, 34, 35, 36] [37, 38, 39, 40, 41, 42, 43, 44, 45, 46, 47, 48, 49] {}
decision S feat []
decision L feat []
decision R feat []
denominator 1.09861228867
numerator 0.0 feat []
[0.33333333333333337, 0.33333333333333337, 0.33333333333333337] S [-1, 0, 1, 2, 3, 4, 5, 6, 7, 8, 9, 10, 11, 12, 13, 14, 15, 16, 17, 18, 19, 20, 21, 22, 23, 24, 25, 26, 27, 28, 29, 30, 31, 32, 33, 34, 35, 36, 37] [38, 39, 40, 41, 42, 43, 44, 45, 46, 47, 48, 49] {}
decision S feat [190, 254]
decision L feat [196, 257]
decision R feat [202, 260]
denominator 464.0
numerator 146.0 feat [202, 260]
[1.0, 3.4303365279297016e-90, 7.8406985109060015e-139] S [-1, 0, 1, 2, 3, 4, 5, 6, 7, 8, 9, 10, 11, 12, 13, 14, 15, 16, 17, 18, 19, 20, 21, 22, 23, 24, 25, 26, 27, 28, 29, 30, 31, 32, 33, 34, 35, 36, 37, 38] [39, 40, 41, 42, 43, 44, 45, 46, 47, 48, 49] {}
decision S feat [208]
decision L feat [222]
decision R feat [236]
denominator 421.0
numerator 110.0 feat [236]
[1.0, 3.3427955219162848e-80, 8.5983699723001605e-136] S [-1, 0, 1, 2, 3, 4, 5, 6, 7, 8, 9, 10, 11, 12, 13, 14, 15, 16, 17, 18, 19, 20, 21, 22, 23, 24, 25, 26, 27, 28, 29, 30, 31, 32, 33, 34, 35, 36, 37, 38, 39] [40, 41, 42, 43, 44, 45, 46, 47, 48, 49] {}
decision S feat [190, 254]
decision L feat [196, 257]
decision R feat [202, 260]
denominator 464.0
numerator 146.0 feat [202, 260]
[1.0, 3.4303365279297016e-90, 7.8406985109060015e-139] S [-1, 0, 1, 2, 3, 4, 5, 6, 7, 8, 9, 10, 11, 12, 13, 14, 15, 16, 17, 18, 19, 20, 21, 22, 23, 24, 25, 26, 27, 28, 29, 30, 31, 32, 33, 34, 35, 36, 37, 38, 39, 40] [41, 42, 43, 44, 45, 46, 47, 48, 49] {}
decision S feat [208, 73, 74]
decision L feat [222, 87, 88]
decision R feat [236, 101, 102]
denominator 3127.0
numerator 1054.0 feat [236, 101, 102]
[1.0, 0.0, 0.0] S [-1, 0, 1, 2, 3, 4, 5, 6, 7, 8, 9, 10, 11, 12, 13, 14, 15, 16, 17, 18, 19, 20, 21, 22, 23, 24, 25, 26, 27, 28, 29, 30, 31, 32, 33, 34, 35, 36, 37, 38, 39, 40, 41] [42, 43, 44, 45, 46, 47, 48, 49] {}
decision S feat [10, 11]
decision L feat [33, 34]
decision R feat [56, 57]
denominator 5918.0
numerator 1477.0 feat [56, 57]
[1.0, 0.0, 0.0] S [-1, 0, 1, 2, 3, 4, 5, 6, 7, 8, 9, 10, 11, 12, 13, 14, 15, 16, 17, 18, 19, 20, 21, 22, 23, 24, 25, 26, 27, 28, 29, 30, 31, 32, 33, 34, 35, 36, 37, 38, 39, 40, 41, 42] [43, 44, 45, 46, 47, 48, 49] {}
decision S feat [112, 113]
decision L feat [126, 127]
decision R feat [140, 141]
denominator 4360.0
numerator 1990.0 feat [140, 141]
[1.0, 0.0, 0.0] S [-1, 0, 1, 2, 3, 4, 5, 6, 7, 8, 9, 10, 11, 12, 13, 14, 15, 16, 17, 18, 19, 20, 21, 22, 23, 24, 25, 26, 27, 28, 29, 30, 31, 32, 33, 34, 35, 36, 37, 38, 39, 40, 41, 42, 43] [44, 45, 46, 47, 48, 49] {}
decision S feat [70, 71, 190, 254]
decision L feat [84, 85, 196, 257]
decision R feat [98, 99, 202, 260]
denominator 3170.0
numerator 1090.0 feat [98, 99, 202, 260]
[1.0, 0.0, 0.0] S [-1, 0, 1, 2, 3, 4, 5, 6, 7, 8, 9, 10, 11, 12, 13, 14, 15, 16, 17, 18, 19, 20, 21, 22, 23, 24, 25, 26, 27, 28, 29, 30, 31, 32, 33, 34, 35, 36, 37, 38, 39, 40, 41, 42, 43, 44] [45, 46, 47, 48, 49] {}
decision S feat [208, 72, 73, 74]
decision L feat [222, 86, 87, 88]
decision R feat [236, 100, 101, 102]
denominator 4480.0
numerator 1526.0 feat [236, 100, 101, 102]
[1.0, 0.0, 0.0] S [-1, 0, 1, 2, 3, 4, 5, 6, 7, 8, 9, 10, 11, 12, 13, 14, 15, 16, 17, 18, 19, 20, 21, 22, 23, 24, 25, 26, 27, 28, 29, 30, 31, 32, 33, 34, 35, 36, 37, 38, 39, 40, 41, 42, 43, 44, 45] [46, 47, 48, 49] {}
decision S feat [190, 254]
decision L feat [196, 257]
decision R feat [202, 260]
denominator 464.0
numerator 146.0 feat [202, 260]
[1.0, 3.4303365279297016e-90, 7.8406985109060015e-139] S [-1, 0, 1, 2, 3, 4, 5, 6, 7, 8, 9, 10, 11, 12, 13, 14, 15, 16, 17, 18, 19, 20, 21, 22, 23, 24, 25, 26, 27, 28, 29, 30, 31, 32, 33, 34, 35, 36, 37, 38, 39, 40, 41, 42, 43, 44, 45, 46] [47, 48, 49] {}
decision S feat [208]
decision L feat [222]
decision R feat [236]
denominator 421.0
numerator 110.0 feat [236]
[1.0, 3.3427955219162848e-80, 8.5983699723001605e-136] S [-1, 0, 1, 2, 3, 4, 5, 6, 7, 8, 9, 10, 11, 12, 13, 14, 15, 16, 17, 18, 19, 20, 21, 22, 23, 24, 25, 26, 27, 28, 29, 30, 31, 32, 33, 34, 35, 36, 37, 38, 39, 40, 41, 42, 43, 44, 45, 46, 47] [48, 49] {}
decision S feat []
decision L feat []
decision R feat []
denominator 1.09861228867
numerator 0.0 feat []
[0.33333333333333337, 0.33333333333333337, 0.33333333333333337] S [-1, 0, 1, 2, 3, 4, 5, 6, 7, 8, 9, 10, 11, 12, 13, 14, 15, 16, 17, 18, 19, 20, 21, 22, 23, 24, 25, 26, 27, 28, 29, 30, 31, 32, 33, 34, 35, 36, 37, 38, 39, 40, 41, 42, 43, 44, 45, 46, 47, 48] [49] {}
decision L feat []
decision R feat []
denominator 0.69314718056
numerator 0.0 feat []
[0.0, 0.5, 0.5] L 


[-1, 0, 1, 2, 3, 4, 5, 6, 7, 8, 9, 10, 11, 12, 13, 14, 15, 16, 17, 18, 19, 20, 21, 22, 23, 24, 25, 26, 27, 28, 29, 30, 31, 32, 33, 34, 35, 36, 37, 38, 39, 40, 41, 42, 43, 44, 45, 46, 47, 48, 49] [] {}


decision L feat []
decision R feat []
denominator 0.69314718056
numerator 0.0 feat []
[0.0, 0.5, 0.5] L 


[-1, 0, 1, 2, 3, 4, 5, 6, 7, 8, 9, 10, 11, 12, 13, 14, 15, 16, 17, 18, 19, 20, 21, 22, 23, 24, 25, 26, 27, 28, 29, 30, 31, 32, 33, 34, 35, 36, 37, 38, 39, 40, 41, 42, 43, 44, 45, 46, 47, 49] [] {48: 49}


decision L feat []
decision R feat []
denominator 0.69314718056
numerator 0.0 feat []
[0.0, 0.5, 0.5] L [-1, 0, 1, 2, 3, 4, 5, 6, 7, 8, 9, 10, 11, 12, 13, 14, 15, 16, 17, 18, 19, 20, 21, 22, 23, 24, 25, 26, 27, 28, 29, 30, 31, 32, 33, 34, 35, 36, 37, 38, 39, 40, 41, 42, 43, 44, 45, 46, 49] [] {48: 49, 47: 49}
decision L feat []
decision R feat []
denominator 0.69314718056
numerator 0.0 feat []
[0.0, 0.5, 0.5] L [-1, 0, 1, 2, 3, 4, 5, 6, 7, 8, 9, 10, 11, 12, 13, 14, 15, 16, 17, 18, 19, 20, 21, 22, 23, 24, 25, 26, 27, 28, 29, 30, 31, 32, 33, 34, 35, 36, 37, 38, 39, 40, 41, 42, 43, 44, 45, 49] [] {48: 49, 46: 49, 47: 49}
decision L feat []
decision R feat []
denominator 0.69314718056
numerator 0.0 feat []
[0.0, 0.5, 0.5] L [-1, 0, 1, 2, 3, 4, 5, 6, 7, 8, 9, 10, 11, 12, 13, 14, 15, 16, 17, 18, 19, 20, 21, 22, 23, 24, 25, 26, 27, 28, 29, 30, 31, 32, 33, 34, 35, 36, 37, 38, 39, 40, 41, 42, 43, 44, 49] [] {48: 49, 45: 49, 46: 49, 47: 49}
decision L feat []
decision R feat []
denominator 0.69314718056
numerator 0.0 feat []
[0.0, 0.5, 0.5] L [-1, 0, 1, 2, 3, 4, 5, 6, 7, 8, 9, 10, 11, 12, 13, 14, 15, 16, 17, 18, 19, 20, 21, 22, 23, 24, 25, 26, 27, 28, 29, 30, 31, 32, 33, 34, 35, 36, 37, 38, 39, 40, 41, 42, 43, 49] [] {48: 49, 44: 49, 45: 49, 46: 49, 47: 49}
decision L feat []
decision R feat []
denominator 0.69314718056
numerator 0.0 feat []
[0.0, 0.5, 0.5] L [-1, 0, 1, 2, 3, 4, 5, 6, 7, 8, 9, 10, 11, 12, 13, 14, 15, 16, 17, 18, 19, 20, 21, 22, 23, 24, 25, 26, 27, 28, 29, 30, 31, 32, 33, 34, 35, 36, 37, 38, 39, 40, 41, 42, 49] [] {48: 49, 43: 49, 44: 49, 45: 49, 46: 49, 47: 49}
decision L feat []
decision R feat []
denominator 0.69314718056
numerator 0.0 feat []
[0.0, 0.5, 0.5] L [-1, 0, 1, 2, 3, 4, 5, 6, 7, 8, 9, 10, 11, 12, 13, 14, 15, 16, 17, 18, 19, 20, 21, 22, 23, 24, 25, 26, 27, 28, 29, 30, 31, 32, 33, 34, 35, 36, 37, 38, 39, 40, 41, 49] [] {48: 49, 42: 49, 43: 49, 44: 49, 45: 49, 46: 49, 47: 49}
decision L feat []
decision R feat []
denominator 0.69314718056
numerator 0.0 feat []
[0.0, 0.5, 0.5] L [-1, 0, 1, 2, 3, 4, 5, 6, 7, 8, 9, 10, 11, 12, 13, 14, 15, 16, 17, 18, 19, 20, 21, 22, 23, 24, 25, 26, 27, 28, 29, 30, 31, 32, 33, 34, 35, 36, 37, 38, 39, 40, 49] [] {48: 49, 41: 49, 42: 49, 43: 49, 44: 49, 45: 49, 46: 49, 47: 49}
decision L feat []
decision R feat []
denominator 0.69314718056
numerator 0.0 feat []
[0.0, 0.5, 0.5] L [-1, 0, 1, 2, 3, 4, 5, 6, 7, 8, 9, 10, 11, 12, 13, 14, 15, 16, 17, 18, 19, 20, 21, 22, 23, 24, 25, 26, 27, 28, 29, 30, 31, 32, 33, 34, 35, 36, 37, 38, 39, 49] [] {40: 49, 41: 49, 42: 49, 43: 49, 44: 49, 45: 49, 46: 49, 47: 49, 48: 49}
decision L feat []
decision R feat []
denominator 0.69314718056
numerator 0.0 feat []
[0.0, 0.5, 0.5] L [-1, 0, 1, 2, 3, 4, 5, 6, 7, 8, 9, 10, 11, 12, 13, 14, 15, 16, 17, 18, 19, 20, 21, 22, 23, 24, 25, 26, 27, 28, 29, 30, 31, 32, 33, 34, 35, 36, 37, 38, 49] [] {39: 49, 40: 49, 41: 49, 42: 49, 43: 49, 44: 49, 45: 49, 46: 49, 47: 49, 48: 49}
decision L feat []
decision R feat []
denominator 0.69314718056
numerator 0.0 feat []
[0.0, 0.5, 0.5] L [-1, 0, 1, 2, 3, 4, 5, 6, 7, 8, 9, 10, 11, 12, 13, 14, 15, 16, 17, 18, 19, 20, 21, 22, 23, 24, 25, 26, 27, 28, 29, 30, 31, 32, 33, 34, 35, 36, 37, 49] [] {38: 49, 39: 49, 40: 49, 41: 49, 42: 49, 43: 49, 44: 49, 45: 49, 46: 49, 47: 49, 48: 49}
decision L feat []
decision R feat []
denominator 0.69314718056
numerator 0.0 feat []
[0.0, 0.5, 0.5] L [-1, 0, 1, 2, 3, 4, 5, 6, 7, 8, 9, 10, 11, 12, 13, 14, 15, 16, 17, 18, 19, 20, 21, 22, 23, 24, 25, 26, 27, 28, 29, 30, 31, 32, 33, 34, 35, 36, 49] [] {37: 49, 38: 49, 39: 49, 40: 49, 41: 49, 42: 49, 43: 49, 44: 49, 45: 49, 46: 49, 47: 49, 48: 49}
decision L feat []
decision R feat []
denominator 0.69314718056
numerator 0.0 feat []
[0.0, 0.5, 0.5] L [-1, 0, 1, 2, 3, 4, 5, 6, 7, 8, 9, 10, 11, 12, 13, 14, 15, 16, 17, 18, 19, 20, 21, 22, 23, 24, 25, 26, 27, 28, 29, 30, 31, 32, 33, 34, 35, 49] [] {36: 49, 37: 49, 38: 49, 39: 49, 40: 49, 41: 49, 42: 49, 43: 49, 44: 49, 45: 49, 46: 49, 47: 49, 48: 49}
decision L feat []
decision R feat []
denominator 0.69314718056
numerator 0.0 feat []
[0.0, 0.5, 0.5] L [-1, 0, 1, 2, 3, 4, 5, 6, 7, 8, 9, 10, 11, 12, 13, 14, 15, 16, 17, 18, 19, 20, 21, 22, 23, 24, 25, 26, 27, 28, 29, 30, 31, 32, 33, 34, 49] [] {35: 49, 36: 49, 37: 49, 38: 49, 39: 49, 40: 49, 41: 49, 42: 49, 43: 49, 44: 49, 45: 49, 46: 49, 47: 49, 48: 49}
decision L feat []
decision R feat []
denominator 0.69314718056
numerator 0.0 feat []
[0.0, 0.5, 0.5] L [-1, 0, 1, 2, 3, 4, 5, 6, 7, 8, 9, 10, 11, 12, 13, 14, 15, 16, 17, 18, 19, 20, 21, 22, 23, 24, 25, 26, 27, 28, 29, 30, 31, 32, 33, 49] [] {34: 49, 35: 49, 36: 49, 37: 49, 38: 49, 39: 49, 40: 49, 41: 49, 42: 49, 43: 49, 44: 49, 45: 49, 46: 49, 47: 49, 48: 49}
decision L feat []
decision R feat []
denominator 0.69314718056
numerator 0.0 feat []
[0.0, 0.5, 0.5] L [-1, 0, 1, 2, 3, 4, 5, 6, 7, 8, 9, 10, 11, 12, 13, 14, 15, 16, 17, 18, 19, 20, 21, 22, 23, 24, 25, 26, 27, 28, 29, 30, 31, 32, 49] [] {33: 49, 34: 49, 35: 49, 36: 49, 37: 49, 38: 49, 39: 49, 40: 49, 41: 49, 42: 49, 43: 49, 44: 49, 45: 49, 46: 49, 47: 49, 48: 49}
decision L feat []
decision R feat []
denominator 0.69314718056
numerator 0.0 feat []
[0.0, 0.5, 0.5] L [-1, 0, 1, 2, 3, 4, 5, 6, 7, 8, 9, 10, 11, 12, 13, 14, 15, 16, 17, 18, 19, 20, 21, 22, 23, 24, 25, 26, 27, 28, 29, 30, 31, 49] [] {32: 49, 33: 49, 34: 49, 35: 49, 36: 49, 37: 49, 38: 49, 39: 49, 40: 49, 41: 49, 42: 49, 43: 49, 44: 49, 45: 49, 46: 49, 47: 49, 48: 49}
decision L feat []
decision R feat []
denominator 0.69314718056
numerator 0.0 feat []
[0.0, 0.5, 0.5] L [-1, 0, 1, 2, 3, 4, 5, 6, 7, 8, 9, 10, 11, 12, 13, 14, 15, 16, 17, 18, 19, 20, 21, 22, 23, 24, 25, 26, 27, 28, 29, 30, 49] [] {31: 49, 32: 49, 33: 49, 34: 49, 35: 49, 36: 49, 37: 49, 38: 49, 39: 49, 40: 49, 41: 49, 42: 49, 43: 49, 44: 49, 45: 49, 46: 49, 47: 49, 48: 49}
decision L feat []
decision R feat []
denominator 0.69314718056
numerator 0.0 feat []
[0.0, 0.5, 0.5] L [-1, 0, 1, 2, 3, 4, 5, 6, 7, 8, 9, 10, 11, 12, 13, 14, 15, 16, 17, 18, 19, 20, 21, 22, 23, 24, 25, 26, 27, 28, 29, 49] [] {30: 49, 31: 49, 32: 49, 33: 49, 34: 49, 35: 49, 36: 49, 37: 49, 38: 49, 39: 49, 40: 49, 41: 49, 42: 49, 43: 49, 44: 49, 45: 49, 46: 49, 47: 49, 48: 49}
decision L feat []
decision R feat []
denominator 0.69314718056
numerator 0.0 feat []
[0.0, 0.5, 0.5] L [-1, 0, 1, 2, 3, 4, 5, 6, 7, 8, 9, 10, 11, 12, 13, 14, 15, 16, 17, 18, 19, 20, 21, 22, 23, 24, 25, 26, 27, 28, 49] [] {29: 49, 30: 49, 31: 49, 32: 49, 33: 49, 34: 49, 35: 49, 36: 49, 37: 49, 38: 49, 39: 49, 40: 49, 41: 49, 42: 49, 43: 49, 44: 49, 45: 49, 46: 49, 47: 49, 48: 49}
decision L feat []
decision R feat []
denominator 0.69314718056
numerator 0.0 feat []
[0.0, 0.5, 0.5] L [-1, 0, 1, 2, 3, 4, 5, 6, 7, 8, 9, 10, 11, 12, 13, 14, 15, 16, 17, 18, 19, 20, 21, 22, 23, 24, 25, 26, 27, 49] [] {28: 49, 29: 49, 30: 49, 31: 49, 32: 49, 33: 49, 34: 49, 35: 49, 36: 49, 37: 49, 38: 49, 39: 49, 40: 49, 41: 49, 42: 49, 43: 49, 44: 49, 45: 49, 46: 49, 47: 49, 48: 49}
decision L feat []
decision R feat []
denominator 0.69314718056
numerator 0.0 feat []
[0.0, 0.5, 0.5] L [-1, 0, 1, 2, 3, 4, 5, 6, 7, 8, 9, 10, 11, 12, 13, 14, 15, 16, 17, 18, 19, 20, 21, 22, 23, 24, 25, 26, 49] [] {27: 49, 28: 49, 29: 49, 30: 49, 31: 49, 32: 49, 33: 49, 34: 49, 35: 49, 36: 49, 37: 49, 38: 49, 39: 49, 40: 49, 41: 49, 42: 49, 43: 49, 44: 49, 45: 49, 46: 49, 47: 49, 48: 49}
decision L feat []
decision R feat []
denominator 0.69314718056
numerator 0.0 feat []
[0.0, 0.5, 0.5] L [-1, 0, 1, 2, 3, 4, 5, 6, 7, 8, 9, 10, 11, 12, 13, 14, 15, 16, 17, 18, 19, 20, 21, 22, 23, 24, 25, 49] [] {26: 49, 27: 49, 28: 49, 29: 49, 30: 49, 31: 49, 32: 49, 33: 49, 34: 49, 35: 49, 36: 49, 37: 49, 38: 49, 39: 49, 40: 49, 41: 49, 42: 49, 43: 49, 44: 49, 45: 49, 46: 49, 47: 49, 48: 49}
decision L feat []
decision R feat []
denominator 0.69314718056
numerator 0.0 feat []
[0.0, 0.5, 0.5] L [-1, 0, 1, 2, 3, 4, 5, 6, 7, 8, 9, 10, 11, 12, 13, 14, 15, 16, 17, 18, 19, 20, 21, 22, 23, 24, 49] [] {25: 49, 26: 49, 27: 49, 28: 49, 29: 49, 30: 49, 31: 49, 32: 49, 33: 49, 34: 49, 35: 49, 36: 49, 37: 49, 38: 49, 39: 49, 40: 49, 41: 49, 42: 49, 43: 49, 44: 49, 45: 49, 46: 49, 47: 49, 48: 49}
decision L feat []
decision R feat []
denominator 0.69314718056
numerator 0.0 feat []
[0.0, 0.5, 0.5] L [-1, 0, 1, 2, 3, 4, 5, 6, 7, 8, 9, 10, 11, 12, 13, 14, 15, 16, 17, 18, 19, 20, 21, 22, 23, 49] [] {24: 49, 25: 49, 26: 49, 27: 49, 28: 49, 29: 49, 30: 49, 31: 49, 32: 49, 33: 49, 34: 49, 35: 49, 36: 49, 37: 49, 38: 49, 39: 49, 40: 49, 41: 49, 42: 49, 43: 49, 44: 49, 45: 49, 46: 49, 47: 49, 48: 49}
decision L feat []
decision R feat []
denominator 0.69314718056
numerator 0.0 feat []
[0.0, 0.5, 0.5] L [-1, 0, 1, 2, 3, 4, 5, 6, 7, 8, 9, 10, 11, 12, 13, 14, 15, 16, 17, 18, 19, 20, 21, 22, 49] [] {23: 49, 24: 49, 25: 49, 26: 49, 27: 49, 28: 49, 29: 49, 30: 49, 31: 49, 32: 49, 33: 49, 34: 49, 35: 49, 36: 49, 37: 49, 38: 49, 39: 49, 40: 49, 41: 49, 42: 49, 43: 49, 44: 49, 45: 49, 46: 49, 47: 49, 48: 49}
decision L feat []
decision R feat []
denominator 0.69314718056
numerator 0.0 feat []
[0.0, 0.5, 0.5] L [-1, 0, 1, 2, 3, 4, 5, 6, 7, 8, 9, 10, 11, 12, 13, 14, 15, 16, 17, 18, 19, 20, 21, 49] [] {22: 49, 23: 49, 24: 49, 25: 49, 26: 49, 27: 49, 28: 49, 29: 49, 30: 49, 31: 49, 32: 49, 33: 49, 34: 49, 35: 49, 36: 49, 37: 49, 38: 49, 39: 49, 40: 49, 41: 49, 42: 49, 43: 49, 44: 49, 45: 49, 46: 49, 47: 49, 48: 49}
decision L feat []
decision R feat []
denominator 0.69314718056
numerator 0.0 feat []
[0.0, 0.5, 0.5] L [-1, 0, 1, 2, 3, 4, 5, 6, 7, 8, 9, 10, 11, 12, 13, 14, 15, 16, 17, 18, 19, 20, 49] [] {21: 49, 22: 49, 23: 49, 24: 49, 25: 49, 26: 49, 27: 49, 28: 49, 29: 49, 30: 49, 31: 49, 32: 49, 33: 49, 34: 49, 35: 49, 36: 49, 37: 49, 38: 49, 39: 49, 40: 49, 41: 49, 42: 49, 43: 49, 44: 49, 45: 49, 46: 49, 47: 49, 48: 49}
decision L feat []
decision R feat []
denominator 0.69314718056
numerator 0.0 feat []
[0.0, 0.5, 0.5] L [-1, 0, 1, 2, 3, 4, 5, 6, 7, 8, 9, 10, 11, 12, 13, 14, 15, 16, 17, 18, 19, 49] [] {20: 49, 21: 49, 22: 49, 23: 49, 24: 49, 25: 49, 26: 49, 27: 49, 28: 49, 29: 49, 30: 49, 31: 49, 32: 49, 33: 49, 34: 49, 35: 49, 36: 49, 37: 49, 38: 49, 39: 49, 40: 49, 41: 49, 42: 49, 43: 49, 44: 49, 45: 49, 46: 49, 47: 49, 48: 49}
decision L feat []
decision R feat []
denominator 0.69314718056
numerator 0.0 feat []
[0.0, 0.5, 0.5] L [-1, 0, 1, 2, 3, 4, 5, 6, 7, 8, 9, 10, 11, 12, 13, 14, 15, 16, 17, 18, 49] [] {19: 49, 20: 49, 21: 49, 22: 49, 23: 49, 24: 49, 25: 49, 26: 49, 27: 49, 28: 49, 29: 49, 30: 49, 31: 49, 32: 49, 33: 49, 34: 49, 35: 49, 36: 49, 37: 49, 38: 49, 39: 49, 40: 49, 41: 49, 42: 49, 43: 49, 44: 49, 45: 49, 46: 49, 47: 49, 48: 49}
decision L feat []
decision R feat []
denominator 0.69314718056
numerator 0.0 feat []
[0.0, 0.5, 0.5] L [-1, 0, 1, 2, 3, 4, 5, 6, 7, 8, 9, 10, 11, 12, 13, 14, 15, 16, 17, 49] [] {18: 49, 19: 49, 20: 49, 21: 49, 22: 49, 23: 49, 24: 49, 25: 49, 26: 49, 27: 49, 28: 49, 29: 49, 30: 49, 31: 49, 32: 49, 33: 49, 34: 49, 35: 49, 36: 49, 37: 49, 38: 49, 39: 49, 40: 49, 41: 49, 42: 49, 43: 49, 44: 49, 45: 49, 46: 49, 47: 49, 48: 49}
decision L feat []
decision R feat []
denominator 0.69314718056
numerator 0.0 feat []
[0.0, 0.5, 0.5] L [-1, 0, 1, 2, 3, 4, 5, 6, 7, 8, 9, 10, 11, 12, 13, 14, 15, 16, 49] [] {17: 49, 18: 49, 19: 49, 20: 49, 21: 49, 22: 49, 23: 49, 24: 49, 25: 49, 26: 49, 27: 49, 28: 49, 29: 49, 30: 49, 31: 49, 32: 49, 33: 49, 34: 49, 35: 49, 36: 49, 37: 49, 38: 49, 39: 49, 40: 49, 41: 49, 42: 49, 43: 49, 44: 49, 45: 49, 46: 49, 47: 49, 48: 49}
decision L feat []
decision R feat []
denominator 0.69314718056
numerator 0.0 feat []
[0.0, 0.5, 0.5] L [-1, 0, 1, 2, 3, 4, 5, 6, 7, 8, 9, 10, 11, 12, 13, 14, 15, 49] [] {16: 49, 17: 49, 18: 49, 19: 49, 20: 49, 21: 49, 22: 49, 23: 49, 24: 49, 25: 49, 26: 49, 27: 49, 28: 49, 29: 49, 30: 49, 31: 49, 32: 49, 33: 49, 34: 49, 35: 49, 36: 49, 37: 49, 38: 49, 39: 49, 40: 49, 41: 49, 42: 49, 43: 49, 44: 49, 45: 49, 46: 49, 47: 49, 48: 49}
decision L feat []
decision R feat []
denominator 0.69314718056
numerator 0.0 feat []
[0.0, 0.5, 0.5] L [-1, 0, 1, 2, 3, 4, 5, 6, 7, 8, 9, 10, 11, 12, 13, 14, 49] [] {15: 49, 16: 49, 17: 49, 18: 49, 19: 49, 20: 49, 21: 49, 22: 49, 23: 49, 24: 49, 25: 49, 26: 49, 27: 49, 28: 49, 29: 49, 30: 49, 31: 49, 32: 49, 33: 49, 34: 49, 35: 49, 36: 49, 37: 49, 38: 49, 39: 49, 40: 49, 41: 49, 42: 49, 43: 49, 44: 49, 45: 49, 46: 49, 47: 49, 48: 49}
decision L feat []
decision R feat []
denominator 0.69314718056
numerator 0.0 feat []
[0.0, 0.5, 0.5] L [-1, 0, 1, 2, 3, 4, 5, 6, 7, 8, 9, 10, 11, 12, 13, 49] [] {14: 49, 15: 49, 16: 49, 17: 49, 18: 49, 19: 49, 20: 49, 21: 49, 22: 49, 23: 49, 24: 49, 25: 49, 26: 49, 27: 49, 28: 49, 29: 49, 30: 49, 31: 49, 32: 49, 33: 49, 34: 49, 35: 49, 36: 49, 37: 49, 38: 49, 39: 49, 40: 49, 41: 49, 42: 49, 43: 49, 44: 49, 45: 49, 46: 49, 47: 49, 48: 49}
decision L feat []
decision R feat []
denominator 0.69314718056
numerator 0.0 feat []
[0.0, 0.5, 0.5] L [-1, 0, 1, 2, 3, 4, 5, 6, 7, 8, 9, 10, 11, 12, 49] [] {13: 49, 14: 49, 15: 49, 16: 49, 17: 49, 18: 49, 19: 49, 20: 49, 21: 49, 22: 49, 23: 49, 24: 49, 25: 49, 26: 49, 27: 49, 28: 49, 29: 49, 30: 49, 31: 49, 32: 49, 33: 49, 34: 49, 35: 49, 36: 49, 37: 49, 38: 49, 39: 49, 40: 49, 41: 49, 42: 49, 43: 49, 44: 49, 45: 49, 46: 49, 47: 49, 48: 49}
decision L feat []
decision R feat []
denominator 0.69314718056
numerator 0.0 feat []
[0.0, 0.5, 0.5] L [-1, 0, 1, 2, 3, 4, 5, 6, 7, 8, 9, 10, 11, 49] [] {12: 49, 13: 49, 14: 49, 15: 49, 16: 49, 17: 49, 18: 49, 19: 49, 20: 49, 21: 49, 22: 49, 23: 49, 24: 49, 25: 49, 26: 49, 27: 49, 28: 49, 29: 49, 30: 49, 31: 49, 32: 49, 33: 49, 34: 49, 35: 49, 36: 49, 37: 49, 38: 49, 39: 49, 40: 49, 41: 49, 42: 49, 43: 49, 44: 49, 45: 49, 46: 49, 47: 49, 48: 49}
decision L feat []
decision R feat []
denominator 0.69314718056
numerator 0.0 feat []
[0.0, 0.5, 0.5] L [-1, 0, 1, 2, 3, 4, 5, 6, 7, 8, 9, 10, 49] [] {11: 49, 12: 49, 13: 49, 14: 49, 15: 49, 16: 49, 17: 49, 18: 49, 19: 49, 20: 49, 21: 49, 22: 49, 23: 49, 24: 49, 25: 49, 26: 49, 27: 49, 28: 49, 29: 49, 30: 49, 31: 49, 32: 49, 33: 49, 34: 49, 35: 49, 36: 49, 37: 49, 38: 49, 39: 49, 40: 49, 41: 49, 42: 49, 43: 49, 44: 49, 45: 49, 46: 49, 47: 49, 48: 49}
decision L feat []
decision R feat []
denominator 0.69314718056
numerator 0.0 feat []
[0.0, 0.5, 0.5] L [-1, 0, 1, 2, 3, 4, 5, 6, 7, 8, 9, 49] [] {10: 49, 11: 49, 12: 49, 13: 49, 14: 49, 15: 49, 16: 49, 17: 49, 18: 49, 19: 49, 20: 49, 21: 49, 22: 49, 23: 49, 24: 49, 25: 49, 26: 49, 27: 49, 28: 49, 29: 49, 30: 49, 31: 49, 32: 49, 33: 49, 34: 49, 35: 49, 36: 49, 37: 49, 38: 49, 39: 49, 40: 49, 41: 49, 42: 49, 43: 49, 44: 49, 45: 49, 46: 49, 47: 49, 48: 49}
decision L feat []
decision R feat []
denominator 0.69314718056
numerator 0.0 feat []
[0.0, 0.5, 0.5] L [-1, 0, 1, 2, 3, 4, 5, 6, 7, 8, 49] [] {9: 49, 10: 49, 11: 49, 12: 49, 13: 49, 14: 49, 15: 49, 16: 49, 17: 49, 18: 49, 19: 49, 20: 49, 21: 49, 22: 49, 23: 49, 24: 49, 25: 49, 26: 49, 27: 49, 28: 49, 29: 49, 30: 49, 31: 49, 32: 49, 33: 49, 34: 49, 35: 49, 36: 49, 37: 49, 38: 49, 39: 49, 40: 49, 41: 49, 42: 49, 43: 49, 44: 49, 45: 49, 46: 49, 47: 49, 48: 49}
decision L feat []
decision R feat []
denominator 0.69314718056
numerator 0.0 feat []
[0.0, 0.5, 0.5] L [-1, 0, 1, 2, 3, 4, 5, 6, 7, 49] [] {8: 49, 9: 49, 10: 49, 11: 49, 12: 49, 13: 49, 14: 49, 15: 49, 16: 49, 17: 49, 18: 49, 19: 49, 20: 49, 21: 49, 22: 49, 23: 49, 24: 49, 25: 49, 26: 49, 27: 49, 28: 49, 29: 49, 30: 49, 31: 49, 32: 49, 33: 49, 34: 49, 35: 49, 36: 49, 37: 49, 38: 49, 39: 49, 40: 49, 41: 49, 42: 49, 43: 49, 44: 49, 45: 49, 46: 49, 47: 49, 48: 49}
decision L feat []
decision R feat []
denominator 0.69314718056
numerator 0.0 feat []
[0.0, 0.5, 0.5] L [-1, 0, 1, 2, 3, 4, 5, 6, 49] [] {7: 49, 8: 49, 9: 49, 10: 49, 11: 49, 12: 49, 13: 49, 14: 49, 15: 49, 16: 49, 17: 49, 18: 49, 19: 49, 20: 49, 21: 49, 22: 49, 23: 49, 24: 49, 25: 49, 26: 49, 27: 49, 28: 49, 29: 49, 30: 49, 31: 49, 32: 49, 33: 49, 34: 49, 35: 49, 36: 49, 37: 49, 38: 49, 39: 49, 40: 49, 41: 49, 42: 49, 43: 49, 44: 49, 45: 49, 46: 49, 47: 49, 48: 49}
decision L feat []
decision R feat []
denominator 0.69314718056
numerator 0.0 feat []
[0.0, 0.5, 0.5] L [-1, 0, 1, 2, 3, 4, 5, 49] [] {6: 49, 7: 49, 8: 49, 9: 49, 10: 49, 11: 49, 12: 49, 13: 49, 14: 49, 15: 49, 16: 49, 17: 49, 18: 49, 19: 49, 20: 49, 21: 49, 22: 49, 23: 49, 24: 49, 25: 49, 26: 49, 27: 49, 28: 49, 29: 49, 30: 49, 31: 49, 32: 49, 33: 49, 34: 49, 35: 49, 36: 49, 37: 49, 38: 49, 39: 49, 40: 49, 41: 49, 42: 49, 43: 49, 44: 49, 45: 49, 46: 49, 47: 49, 48: 49}
decision L feat []
decision R feat []
denominator 0.69314718056
numerator 0.0 feat []
[0.0, 0.5, 0.5] L [-1, 0, 1, 2, 3, 4, 49] [] {5: 49, 6: 49, 7: 49, 8: 49, 9: 49, 10: 49, 11: 49, 12: 49, 13: 49, 14: 49, 15: 49, 16: 49, 17: 49, 18: 49, 19: 49, 20: 49, 21: 49, 22: 49, 23: 49, 24: 49, 25: 49, 26: 49, 27: 49, 28: 49, 29: 49, 30: 49, 31: 49, 32: 49, 33: 49, 34: 49, 35: 49, 36: 49, 37: 49, 38: 49, 39: 49, 40: 49, 41: 49, 42: 49, 43: 49, 44: 49, 45: 49, 46: 49, 47: 49, 48: 49}
decision L feat []
decision R feat []
denominator 0.69314718056
numerator 0.0 feat []
[0.0, 0.5, 0.5] L [-1, 0, 1, 2, 3, 49] [] {4: 49, 5: 49, 6: 49, 7: 49, 8: 49, 9: 49, 10: 49, 11: 49, 12: 49, 13: 49, 14: 49, 15: 49, 16: 49, 17: 49, 18: 49, 19: 49, 20: 49, 21: 49, 22: 49, 23: 49, 24: 49, 25: 49, 26: 49, 27: 49, 28: 49, 29: 49, 30: 49, 31: 49, 32: 49, 33: 49, 34: 49, 35: 49, 36: 49, 37: 49, 38: 49, 39: 49, 40: 49, 41: 49, 42: 49, 43: 49, 44: 49, 45: 49, 46: 49, 47: 49, 48: 49}
decision L feat []
decision R feat []
denominator 0.69314718056
numerator 0.0 feat []
[0.0, 0.5, 0.5] L [-1, 0, 1, 2, 49] [] {3: 49, 4: 49, 5: 49, 6: 49, 7: 49, 8: 49, 9: 49, 10: 49, 11: 49, 12: 49, 13: 49, 14: 49, 15: 49, 16: 49, 17: 49, 18: 49, 19: 49, 20: 49, 21: 49, 22: 49, 23: 49, 24: 49, 25: 49, 26: 49, 27: 49, 28: 49, 29: 49, 30: 49, 31: 49, 32: 49, 33: 49, 34: 49, 35: 49, 36: 49, 37: 49, 38: 49, 39: 49, 40: 49, 41: 49, 42: 49, 43: 49, 44: 49, 45: 49, 46: 49, 47: 49, 48: 49}
decision L feat []
decision R feat []
denominator 0.69314718056
numerator 0.0 feat []
[0.0, 0.5, 0.5] L [-1, 0, 1, 49] [] {2: 49, 3: 49, 4: 49, 5: 49, 6: 49, 7: 49, 8: 49, 9: 49, 10: 49, 11: 49, 12: 49, 13: 49, 14: 49, 15: 49, 16: 49, 17: 49, 18: 49, 19: 49, 20: 49, 21: 49, 22: 49, 23: 49, 24: 49, 25: 49, 26: 49, 27: 49, 28: 49, 29: 49, 30: 49, 31: 49, 32: 49, 33: 49, 34: 49, 35: 49, 36: 49, 37: 49, 38: 49, 39: 49, 40: 49, 41: 49, 42: 49, 43: 49, 44: 49, 45: 49, 46: 49, 47: 49, 48: 49}
decision L feat []
decision R feat []
denominator 0.69314718056
numerator 0.0 feat []
[0.0, 0.5, 0.5] L [-1, 0, 49] [] {1: 49, 2: 49, 3: 49, 4: 49, 5: 49, 6: 49, 7: 49, 8: 49, 9: 49, 10: 49, 11: 49, 12: 49, 13: 49, 14: 49, 15: 49, 16: 49, 17: 49, 18: 49, 19: 49, 20: 49, 21: 49, 22: 49, 23: 49, 24: 49, 25: 49, 26: 49, 27: 49, 28: 49, 29: 49, 30: 49, 31: 49, 32: 49, 33: 49, 34: 49, 35: 49, 36: 49, 37: 49, 38: 49, 39: 49, 40: 49, 41: 49, 42: 49, 43: 49, 44: 49, 45: 49, 46: 49, 47: 49, 48: 49}
decision R feat []
denominator 0.0
numerator 0.0 feat []
[0.0, 0.0, 1.0] R 


[-1, 49] [] {0: 49, 1: 49, 2: 49, 3: 49, 4: 49, 5: 49, 6: 49, 7: 49, 8: 49, 9: 49, 10: 49, 11: 49, 12: 49, 13: 49, 14: 49, 15: 49, 16: 49, 17: 49, 18: 49, 19: 49, 20: 49, 21: 49, 22: 49, 23: 49, 24: 49, 25: 49, 26: 49, 27: 49, 28: 49, 29: 49, 30: 49, 31: 49, 32: 49, 33: 49, 34: 49, 35: 49, 36: 49, 37: 49, 38: 49, 39: 49, 40: 49, 41: 49, 42: 49, 43: 49, 44: 49, 45: 49, 46: 49, 47: 49, 48: 49}
UAS: 0/50 = 0.00; LAS: 0/50 = 0.00
